v -0.525731 0.850651 0.000000
v -0.850651 0.000000 0.525731
v 0.000000 0.525731 0.850651
v 0.525731 0.850651 0.000000
v 0.000000 0.525731 -0.850651
v -0.850651 0.000000 -0.525731
v 0.850651 0.000000 0.525731
v 0.000000 -0.525731 0.850651
v -0.525731 -0.850651 0.000000
v 0.000000 -0.525731 -0.850651
v 0.850651 0.000000 -0.525731
v 0.525731 -0.850651 0.000000
f 0 1 2
f 0 2 3
f 0 3 4
f 0 4 5
f 0 5 1
f 3 2 6
f 2 1 7
f 1 5 8
f 5 4 9
f 4 3 10
f 11 6 7
f 11 7 8
f 11 8 9
f 11 9 10
f 11 10 6
f 7 6 2
f 8 7 1
f 9 8 5
f 10 9 4
f 6 10 3
np 1 2 3 4 5
np 0 2 5 7 8
np 0 1 3 6 7
np 0 2 4 6 10
np 0 3 5 9 10
np 0 4 1 8 9
np 3 2 11 7 10
np 2 1 11 6 8
np 1 5 11 7 9
np 5 4 11 8 10
np 4 3 11 9 6
np 6 7 8 9 10
tp 0 1 2 0 2 3 0 3 4 0 4 5 0 5 1
tp 0 1 2 0 5 1 2 1 7 1 5 8 8 7 1
tp 0 1 2 0 2 3 3 2 6 2 1 7 7 6 2
tp 0 2 3 0 3 4 3 2 6 4 3 10 6 10 3
tp 0 3 4 0 4 5 5 4 9 4 3 10 10 9 4
tp 0 4 5 0 5 1 1 5 8 5 4 9 9 8 5
tp 3 2 6 11 6 7 11 10 6 7 6 2 6 10 3
tp 2 1 7 11 6 7 11 7 8 7 6 2 8 7 1
tp 1 5 8 11 7 8 11 8 9 8 7 1 9 8 5
tp 5 4 9 11 8 9 11 9 10 9 8 5 10 9 4
tp 4 3 10 11 9 10 11 10 6 10 9 4 6 10 3
tp 11 6 7 11 7 8 11 8 9 11 9 10 11 10 6