v -0.525731 0.850651 0.000000
v 0.525731 0.850651 0.000000
v -0.525731 -0.850651 0.000000
v 0.525731 -0.850651 0.000000
v 0.000000 -0.525731 0.850651
v 0.000000 0.525731 0.850651
v 0.000000 -0.525731 -0.850651
v 0.000000 0.525731 -0.850651
v 0.850651 0.000000 -0.525731
v 0.850651 0.000000 0.525731
v -0.850651 0.000000 -0.525731
v -0.850651 0.000000 0.525731
v -0.809017 0.500000 0.309017
v -0.500000 0.309017 0.809017
v -0.309017 0.809017 0.500000
v 0.309017 0.809017 0.500000
v 0.000000 1.000000 0.000000
v 0.309017 0.809017 -0.500000
v -0.309017 0.809017 -0.500000
v -0.500000 0.309017 -0.809017
v -0.809017 0.500000 -0.309017
v -1.000000 0.000000 0.000000
v 0.500000 0.309017 0.809017
v 0.809017 0.500000 0.309017
v -0.500000 -0.309017 0.809017
v 0.000000 0.000000 1.000000
v -0.809017 -0.500000 -0.309017
v -0.809017 -0.500000 0.309017
v 0.000000 0.000000 -1.000000
v -0.500000 -0.309017 -0.809017
v 0.809017 0.500000 -0.309017
v 0.500000 0.309017 -0.809017
v 0.809017 -0.500000 0.309017
v 0.500000 -0.309017 0.809017
v 0.309017 -0.809017 0.500000
v -0.309017 -0.809017 0.500000
v 0.000000 -1.000000 0.000000
v -0.309017 -0.809017 -0.500000
v 0.309017 -0.809017 -0.500000
v 0.500000 -0.309017 -0.809017
v 0.809017 -0.500000 -0.309017
v 1.000000 0.000000 0.000000
f 0 12 14
f 12 11 13
f 13 5 14
f 12 13 14
f 0 14 16
f 14 5 15
f 15 1 16
f 14 15 16
f 0 16 18
f 16 1 17
f 17 7 18
f 16 17 18
f 0 18 20
f 18 7 19
f 19 10 20
f 18 19 20
f 0 20 12
f 20 10 21
f 21 11 12
f 20 21 12
f 1 15 23
f 15 5 22
f 22 9 23
f 15 22 23
f 5 13 25
f 13 11 24
f 24 4 25
f 13 24 25
f 11 21 27
f 21 10 26
f 26 2 27
f 21 26 27
f 10 19 29
f 19 7 28
f 28 6 29
f 19 28 29
f 7 17 31
f 17 1 30
f 30 8 31
f 17 30 31
f 3 32 34
f 32 9 33
f 33 4 34
f 32 33 34
f 3 34 36
f 34 4 35
f 35 2 36
f 34 35 36
f 3 36 38
f 36 2 37
f 37 6 38
f 36 37 38
f 3 38 40
f 38 6 39
f 39 8 40
f 38 39 40
f 3 40 32
f 40 8 41
f 41 9 32
f 40 41 32
f 4 33 25
f 33 9 22
f 22 5 25
f 33 22 25
f 2 35 27
f 35 4 24
f 24 11 27
f 35 24 27
f 6 37 29
f 37 2 26
f 26 10 29
f 37 26 29
f 8 39 31
f 39 6 28
f 28 7 31
f 39 28 31
f 9 41 23
f 41 8 30
f 30 1 23
f 41 30 23
np 12 14 16 18 20
np 15 16 17 23 30
np 26 27 35 36 37
np 32 34 36 38 40
np 24 25 33 34 35
np 13 14 15 22 25
np 28 29 37 38 39
np 17 18 19 28 31
np 30 31 39 40 41
np 22 23 32 33 41
np 19 20 21 26 29
np 12 13 21 24 27
np 0 14 11 13 20 21
np 12 11 5 14 25 24
np 0 12 13 5 16 15
np 14 5 1 16 23 22
np 0 14 15 1 18 17
np 16 1 7 18 31 30
np 0 16 17 7 20 19
np 18 7 10 20 29 28
np 0 18 19 10 12 21
np 20 10 11 12 27 26
np 15 5 9 23 33 25
np 1 15 22 9 41 30
np 13 11 4 25 35 27
np 5 13 24 4 33 22
np 21 10 2 27 37 29
np 11 21 26 2 35 24
np 19 7 6 29 39 31
np 10 19 28 6 37 26
np 17 1 8 31 41 23
np 7 17 30 8 39 28
np 3 34 9 33 40 41
np 32 9 4 34 25 22
np 3 32 33 4 36 35
np 34 4 2 36 27 24
np 3 34 35 2 38 37
np 36 2 6 38 29 26
np 3 36 37 6 40 39
np 38 6 8 40 31 28
np 3 38 39 8 32 41
np 40 8 9 32 23 30
tp 0 12 14 0 14 16 0 16 18 0 18 20 0 20 12
tp 15 1 16 16 1 17 1 15 23 17 1 30 30 1 23
tp 26 2 27 35 2 36 36 2 37 2 35 27 37 2 26
tp 3 32 34 3 34 36 3 36 38 3 38 40 3 40 32
tp 24 4 25 33 4 34 34 4 35 4 33 25 35 4 24
tp 13 5 14 14 5 15 15 5 22 5 13 25 22 5 25
tp 28 6 29 37 6 38 38 6 39 6 37 29 39 6 28
tp 17 7 18 18 7 19 19 7 28 7 17 31 28 7 31
tp 30 8 31 39 8 40 40 8 41 8 39 31 41 8 30
tp 22 9 23 32 9 33 41 9 32 33 9 22 9 41 23
tp 19 10 20 20 10 21 21 10 26 10 19 29 26 10 29
tp 12 11 13 21 11 12 13 11 24 11 21 27 24 11 27
tp 0 12 14 12 11 13 12 13 14 0 20 12 21 11 12 20 21 12
tp 12 11 13 13 5 14 12 13 14 5 13 25 13 11 24 13 24 25
tp 0 12 14 13 5 14 12 13 14 0 14 16 14 5 15 14 15 16
tp 14 5 15 15 1 16 14 15 16 1 15 23 15 5 22 15 22 23
tp 0 14 16 15 1 16 14 15 16 0 16 18 16 1 17 16 17 18
tp 16 1 17 17 7 18 16 17 18 7 17 31 17 1 30 17 30 31
tp 0 16 18 17 7 18 16 17 18 0 18 20 18 7 19 18 19 20
tp 18 7 19 19 10 20 18 19 20 10 19 29 19 7 28 19 28 29
tp 0 18 20 19 10 20 18 19 20 0 20 12 20 10 21 20 21 12
tp 20 10 21 21 11 12 20 21 12 11 21 27 21 10 26 21 26 27
tp 15 5 22 22 9 23 15 22 23 33 9 22 22 5 25 33 22 25
tp 1 15 23 22 9 23 15 22 23 9 41 23 30 1 23 41 30 23
tp 13 11 24 24 4 25 13 24 25 35 4 24 24 11 27 35 24 27
tp 5 13 25 24 4 25 13 24 25 4 33 25 22 5 25 33 22 25
tp 21 10 26 26 2 27 21 26 27 37 2 26 26 10 29 37 26 29
tp 11 21 27 26 2 27 21 26 27 2 35 27 24 11 27 35 24 27
tp 19 7 28 28 6 29 19 28 29 39 6 28 28 7 31 39 28 31
tp 10 19 29 28 6 29 19 28 29 6 37 29 26 10 29 37 26 29
tp 17 1 30 30 8 31 17 30 31 41 8 30 30 1 23 41 30 23
tp 7 17 31 30 8 31 17 30 31 8 39 31 28 7 31 39 28 31
tp 3 32 34 32 9 33 32 33 34 3 40 32 41 9 32 40 41 32
tp 32 9 33 33 4 34 32 33 34 4 33 25 33 9 22 33 22 25
tp 3 32 34 33 4 34 32 33 34 3 34 36 34 4 35 34 35 36
tp 34 4 35 35 2 36 34 35 36 2 35 27 35 4 24 35 24 27
tp 3 34 36 35 2 36 34 35 36 3 36 38 36 2 37 36 37 38
tp 36 2 37 37 6 38 36 37 38 6 37 29 37 2 26 37 26 29
tp 3 36 38 37 6 38 36 37 38 3 38 40 38 6 39 38 39 40
tp 38 6 39 39 8 40 38 39 40 8 39 31 39 6 28 39 28 31
tp 3 38 40 39 8 40 38 39 40 3 40 32 40 8 41 40 41 32
tp 40 8 41 41 9 32 40 41 32 9 41 23 41 8 30 41 30 23
